0 IRIDIUM 7
1 24793U 97020B   21185.40852924  .00000086  00000-0  23603-4 0  9996
2 24793  86.3959  61.1033 0002153  90.4250 269.7192 14.34387620264851
0 IRIDIUM 5
1 24795U 97020D   21185.53850262  .00000546  00000-0  57109-4 0  9994
2 24795  86.3968  18.7276 0137082 205.5481 153.8926 14.80560322271214
0 IRIDIUM 4
1 24796U 97020E   21185.39908166  .00000097  00000-0  26836-4 0  9990
2 24796  86.3955  58.9415 0001955  85.1594 274.9826 14.35291749265297
0 IRIDIUM 914
1 24836U 97030A   21185.39301860  .00000108  00000-0  28560-4 0  9993
2 24836  86.3933  71.6758 0001006  31.4383 328.6875 14.38993619399407
0 IRIDIUM 16
1 24841U 97030F   21185.48197035  .00000092  00000-0  24359-4 0  9990
2 24841  86.4035  90.8304 0004357 105.3403 254.8276 14.36946805259596
0 IRIDIUM 911
1 24842U 97030G   21185.45740297  .00000110  00000-0  25608-4 0  9991
2 24842  86.4463  90.7365 0012897 214.0839 145.9536 14.45242961266440
0 IRIDIUM 17
1 24870U 97034B   21185.52471422  .00000112  00000-0  31574-4 0  9996
2 24870  86.3971 120.6641 0003941  73.4301 286.7329 14.36003165256315
0 IRIDIUM 920
1 24871U 97034C   21185.32701766  .00000097  00000-0  24504-4 0  9999
2 24871  86.3977 103.3888 0012606 147.7977 212.3994 14.39714655258743
0 IRIDIUM 921
1 24873U 97034E   21185.49670381  .00000776  00000-0  41356-4 0  9995
2 24873  86.3923  86.0826 0006305 340.1029  19.9964 15.13483120311247
0 IRIDIUM 26
1 24903U 97043A   21185.56135726  .00000117  00000-0  33864-4 0  9990
2 24903  86.3966 355.7815 0002205  95.4802 264.6646 14.35465004249561
0 IRIDIUM 22
1 24907U 97043E   21185.57296644  .00000108  00000-0  31302-4 0  9997
2 24907  86.3968 358.1880 0002057  89.9340 270.2091 14.34397195249758
0 IRIDIUM 29
1 24944U 97051A   21185.56024317  .00000117  00000-0  34195-4 0  9995
2 24944  86.3960  28.4799 0001898  83.7446 276.3966 14.34813783246186
0 IRIDIUM 33
1 24946U 97051C   21185.53721163  .00000096  00000-0  27437-4 0  9994
2 24946  86.3874  27.9438 0009967 102.6148 257.6163 14.33739070245838
0 IRIDIUM 28
1 24948U 97051E   21185.57065392  .00000110  00000-0  31087-4 0  9998
2 24948  86.3964  26.8254 0002443  94.0446 266.1029 14.35766849246621
0 IRIDIUM 36
1 24967U 97056C   21185.58355253  .00000115  00000-0  32788-4 0  9997
2 24967  86.3966  58.4968 0002273  80.3202 279.8251 14.35837504244988
0 IRIDIUM 39
1 25042U 97069D   21185.50836749  .00000132  00000-0  30824-4 0  9990
2 25042  86.3925 108.4221 0021239  77.4057 282.9519 14.46473905240132
0 IRIDIUM 38
1 25043U 97069E   21185.37115704  .00000087  00000-0  22843-4 0  9998
2 25043  86.3970 119.4004 0003308 104.8448 255.3116 14.36265345238624
0 IRIDIUM 42
1 25077U 97077A   21185.36647573  .00000128  00000-0  38179-4 0  9992
2 25077  86.3976 123.8499 0002539  97.6521 262.4963 14.34653076234108
0 IRIDIUM 44
1 25078U 97077B   21185.50233907  .00000098  00000-0  25618-4 0  9991
2 25078  86.3964 109.5602 0004197  87.6727 272.4952 14.38372933236084
0 IRIDIUM 45
1 25104U 97082A   21185.50878475  .00001939  00000-0  14695-3 0  9999
2 25104  86.3812 358.7214 0213135 132.7314 229.2073 14.85126204236120
0 IRIDIUM 24
1 25105U 97082B   21185.50348837  .00000143  00000-0  38873-4 0  9995
2 25105  86.3920 330.9737 0012631 149.0233 211.1714 14.40095898235342
0 IRIDIUM 51
1 25262U 98018A   21185.55824401  .00001892  00000-0  12874-3 0  9994
2 25262  86.3985  10.6923 0204331 113.5952 248.6878 14.89973329230270
0 IRIDIUM 57
1 25273U 98019B   21185.55584268  .00000103  00000-0  29625-4 0  9998
2 25273  86.3964  29.3410 0002087  86.5527 273.5907 14.34440131217767
0 IRIDIUM 63
1 25286U 98021B   21185.45290509  .00000092  00000-0  25342-4 0  9995
2 25286  86.3992 326.3417 0001933  90.9137 269.2280 14.34887570216738
0 IRIDIUM 69
1 25319U 98026A   21185.53581847  .00000120  00000-0  32470-4 0  9996
2 25319  86.3994 343.7116 0004338  93.5375 266.6319 14.38921964215363
0 IRIDIUM 71
1 25320U 98026B   21185.52716069  .00000121  00000-0  32497-4 0  9993
2 25320  86.3977 338.9009 0003497 126.6406 233.5114 14.39314945215846
0 IRIDIUM 73
1 25344U 98032C   21185.55117677  .00000109  00000-0  23245-4 0  9996
2 25344  86.4425 298.0003 0002553 106.7997 253.3487 14.49302639221351
0 IRIDIUM 82
1 25467U 98051A   21185.58353720  .00001162  00000-0  82403-4 0  9998
2 25467  86.3992  65.0504 0177547 153.5629 207.4795 14.91570868207030
0 IRIDIUM 2
1 25527U 98066A   21185.54899122  .00001642  00000-0  75260-4 0  9994
2 25527  85.5293 237.5346 0010522  55.6647 304.5589 15.19591857242630
0 IRIDIUM 106
1 41917U 17003A   21185.55596870  .00000086  00000-0  23705-4 0  9990
2 41917  86.3981 124.3587 0002615  86.6011 273.5484 14.34217295233970
0 IRIDIUM 103
1 41918U 17003B   21185.54326841  .00000080  00000-0  21632-4 0  9990
2 41918  86.3980 124.2697 0002125  93.3770 266.7668 14.34217864234009
0 IRIDIUM 109
1 41919U 17003C   21185.54961940  .00000083  00000-0  22576-4 0  9997
2 41919  86.3981 124.2965 0002245  87.9350 272.2103 14.34218193233961
0 IRIDIUM 102
1 41920U 17003D   21185.37836530  .00000081  00000-0  21787-4 0  9997
2 41920  86.3979 124.3304 0002007  82.5558 277.5866 14.34218500234029
0 IRIDIUM 105
1 41921U 17003E   21185.48866177  .00000088  00000-0  24453-4 0  9990
2 41921  86.3973  92.6796 0002692  90.0001 270.1503 14.34217802235890
0 IRIDIUM 104
1 41922U 17003F   21185.53058187  .00000081  00000-0  21942-4 0  9994
2 41922  86.3981 124.2821 0002508  89.0290 271.1194 14.34218685234037
0 IRIDIUM 114
1 41923U 17003G   21185.53693660  .00000084  00000-0  22978-4 0  9999
2 41923  86.3981 124.2680 0002409  77.9513 282.1952 14.34217791234014
0 IRIDIUM 108
1 41924U 17003H   21185.49544865  .00000094  00000-0  26434-4 0  9999
2 41924  86.3967  92.6727 0002547  84.0243 276.1243 14.34217333235863
0 IRIDIUM 112
1 41925U 17003J   21185.52424006  .00000077  00000-0  20447-4 0  9997
2 41925  86.3977 124.2006 0002192  75.4456 284.6983 14.34218438234033
0 IRIDIUM 111
1 41926U 17003K   21185.30225993  .00000079  00000-0  21187-4 0  9992
2 41926  86.3978 124.3246 0002183  92.4176 267.7270 14.34216490234059
0 IRIDIUM 113
1 42803U 17039A   21185.56129390  .00000091  00000-0  25288-4 0  9998
2 42803  86.3979 357.8953 0002221  99.7322 260.4125 14.34218237211953
0 IRIDIUM 123
1 42804U 17039B   21185.53298949  .00000090  00000-0  25204-4 0  9990
2 42804  86.3970  29.4590 0001962  92.0927 268.0494 14.34219757210716
0 IRIDIUM 120
1 42805U 17039C   21185.55495519  .00000096  00000-0  27137-4 0  9998
2 42805  86.3968 357.9148 0002306 101.2483 258.8972 14.34218490211942
0 IRIDIUM 115
1 42806U 17039D   21185.55429908  .00000112  00000-0  27158-4 0  9990
2 42806  86.4507 357.7709 0000955 167.3529 192.7696 14.43278353213390
0 IRIDIUM 118
1 42807U 17039E   21185.56471315  .00000086  00000-0  23484-4 0  9999
2 42807  86.3970  29.4515 0001884  84.0133 276.1277 14.34218606210710
0 IRIDIUM 117
1 42808U 17039F   21185.58374070  .00000085  00000-0  23158-4 0  9999
2 42808  86.3969  29.4170 0002465  94.7834 265.3643 14.34218442210746
0 IRIDIUM 126
1 42809U 17039G   21185.53934179  .00000087  00000-0  23906-4 0  9990
2 42809  86.3971  29.4585 0002127  91.4331 268.7109 14.34218715210715
0 IRIDIUM 124
1 42810U 17039H   21185.48806852  .00000088  00000-0  20042-4 0  9991
2 42810  86.4499 326.2349 0002538  91.4692 268.6799 14.43274748214238
0 IRIDIUM 128
1 42811U 17039J   21185.39053889  .00000088  00000-0  24485-4 0  9991
2 42811  86.3966  61.0699 0002034 103.4030 256.7393 14.34219336210720
0 IRIDIUM 121
1 42812U 17039K   21185.55837172  .00000090  00000-0  25052-4 0  9999
2 42812  86.3970  29.4680 0002035  92.4654 267.6774 14.34218262210590
0 IRIDIUM 133
1 42955U 17061A   21185.56179463  .00000080  00000-0  21504-4 0  9992
2 42955  86.3967  61.0730 0002018  95.1443 264.9983 14.34219098195546
0 IRIDIUM 100
1 42956U 17061B   21185.41591020  .00000080  00000-0  21578-4 0  9995
2 42956  86.3966  61.0958 0002204  86.4817 273.6630 14.34219381195522
0 IRIDIUM 122
1 42957U 17061C   21185.59350538  .00000082  00000-0  22214-4 0  9992
2 42957  86.3966  61.0178 0002084  99.6633 260.4798 14.34218763195550
0 IRIDIUM 129
1 42958U 17061D   21185.40956817  .00000079  00000-0  21306-4 0  9992
2 42958  86.3967  61.1422 0002000  94.8592 265.2832 14.34218968195542
0 IRIDIUM 119
1 42959U 17061E   21185.58715948  .00000081  00000-0  21998-4 0  9990
2 42959  86.3967  61.0546 0001940  92.8030 267.3388 14.34217585195583
0 IRIDIUM 107
1 42960U 17061F   21185.39687997  .00000079  00000-0  20996-4 0  9997
2 42960  86.3967  61.1442 0002178  88.6124 271.5321 14.34220310195564
0 IRIDIUM 132
1 42961U 17061G   21185.40324013  .00000081  00000-0  21852-4 0  9992
2 42961  86.3967  61.1315 0002373  91.5222 268.6245 14.34218135195567
0 IRIDIUM 136
1 42962U 17061H   21185.57447782  .00000079  00000-0  21195-4 0  9997
2 42962  86.3968  61.0603 0001853  90.7273 269.4135 14.34217190195609
0 IRIDIUM 139
1 42963U 17061J   21185.58083204  .00000081  00000-0  21773-4 0  9999
2 42963  86.3969  61.0907 0002166  92.0400 268.1044 14.34217543195611
0 IRIDIUM 125
1 42964U 17061K   21185.56812849  .00000082  00000-0  22327-4 0  9990
2 42964  86.3970  61.1242 0002231  90.4275 269.7176 14.34215091195622
0 IRIDIUM 135
1 43070U 17083A   21185.54226461  .00000082  00000-0  22338-4 0  9992
2 43070  86.3973 357.8591 0002417  81.8792 278.2678 14.34219046184916
0 IRIDIUM 138
1 43071U 17083B   21185.56763527  .00000084  00000-0  22838-4 0  9991
2 43071  86.3962 357.7005 0002092  96.1742 263.9692 14.34218295184908
0 IRIDIUM 116
1 43072U 17083C   21185.53591769  .00000084  00000-0  23059-4 0  9992
2 43072  86.3972 357.8689 0001980  84.3793 275.7629 14.34217562184939
0 IRIDIUM 130
1 43073U 17083D   21185.57396938  .00000087  00000-0  23850-4 0  9990
2 43073  86.3981 357.9509 0001995  95.2247 264.9176 14.34218922184885
0 IRIDIUM 151
1 43074U 17083E   21185.54859772  .00000100  00000-0  28721-4 0  9996
2 43074  86.3975 357.8798 0001880  84.4342 275.7068 14.34216577184904
0 IRIDIUM 134
1 43075U 17083F   21185.51689755  .00000086  00000-0  23819-4 0  9992
2 43075  86.3976 357.8757 0002442  93.4372 266.7103 14.34216750184867
0 IRIDIUM 137
1 43076U 17083G   21185.52957854  .00000087  00000-0  23848-4 0  9995
2 43076  86.3977 357.9299 0001877  84.1755 275.9655 14.34216372184936
0 IRIDIUM 141
1 43077U 17083H   21185.52323786  .00000085  00000-0  23140-4 0  9990
2 43077  86.3972 357.8628 0001945  93.7360 266.4058 14.34218211184937
0 IRIDIUM 153
1 43078U 17083J   21185.47540951  .00000057  00000-0  13349-4 0  9999
2 43078  86.3976 326.3063 0001916 114.7296 245.4099 14.34216158186039
0 IRIDIUM 131
1 43079U 17083K   21185.58032032  .00000085  00000-0  23437-4 0  9998
2 43079  86.3978 357.9040 0002109  96.9026 263.2410 14.34217777184877
0 IRIDIUM 144
1 43249U 18030A   21185.48175028  .00000077  00000-0  20603-4 0  9995
2 43249  86.3972 326.2845 0002568  93.3536 266.7954 14.34216159170899
0 IRIDIUM 149
1 43250U 18030B   21185.48810373  .00000082  00000-0  22183-4 0  9997
2 43250  86.3971 326.2682 0002577  88.8640 271.2851 14.34217538170916
0 IRIDIUM 157
1 43251U 18030C   21185.43736180  .00000081  00000-0  21837-4 0  9990
2 43251  86.3972 326.3025 0001828  94.2141 265.9264 14.34217485170880
0 IRIDIUM 140
1 43252U 18030D   21185.59592004  .00000042  00000-0  80306-5 0  9997
2 43252  86.3974 326.2506 0003040  92.8098 267.3445 14.34216136170967
0 IRIDIUM 145
1 43253U 18030E   21185.44370454  .00000079  00000-0  21297-4 0  9998
2 43253  86.3972 326.2929 0003083  73.3483 286.8051 14.34217435170876
0 IRIDIUM 146
1 43254U 18030F   21185.42466448  .00000081  00000-0  21792-4 0  9999
2 43254  86.3972 326.3175 0002342  84.4796 275.6667 14.34217449170883
0 IRIDIUM 148
1 43255U 18030G   21185.46272205  .00000122  00000-0  36451-4 0  9994
2 43255  86.3973 326.3187 0001983  86.8082 273.3341 14.34220883170927
0 IRIDIUM 142
1 43256U 18030H   21185.43102099  .00000078  00000-0  20626-4 0  9992
2 43256  86.3970 326.2875 0002204  90.0331 270.1118 14.34217502170885
0 IRIDIUM 150
1 43257U 18030J   21185.46907663  .00000085  00000-0  23406-4 0  9993
2 43257  86.3974 326.3295 0002393  93.4264 266.7206 14.34218108170914
0 IRIDIUM 143
1 43258U 18030K   21185.45004198  .00000060  00000-0  14501-4 0  9993
2 43258  86.3977 326.3556 0002548  83.8283 276.3203 14.34216034170846
0 IRIDIUM 161
1 43478U 18047C   21185.53556526  .00000110  00000-0  26627-4 0  9999
2 43478  86.4502 124.3758 0002374  92.6516 267.4957 14.43280545164263
0 IRIDIUM 152
1 43479U 18047D   21185.56231219  .00000083  00000-0  22646-4 0  9998
2 43479  86.3976 124.2327 0002265  76.7299 283.4149 14.34216416163254
0 IRIDIUM 147
1 43480U 18047E   21185.56865092  .00000078  00000-0  20793-4 0  9997
2 43480  86.3977 124.2040 0001996  85.8659 274.2765 14.34217335163253
0 IRIDIUM 110
1 43481U 18047F   21185.36568409  .00000087  00000-0  23920-4 0  9993
2 43481  86.3979 124.3327 0002519  88.5525 271.5959 14.34218751163213
0 IRIDIUM 162
1 43482U 18047G   21185.52914659  .00000094  00000-0  22070-4 0  9997
2 43482  86.4501 124.2938 0002648  88.4684 271.6820 14.43281229164254
0 IRIDIUM 160
1 43569U 18061A   21185.45104778  .00000084  00000-0  22890-4 0  9993
2 43569  86.3970  92.6681 0001965  79.0941 281.0475 14.34216801154125
0 IRIDIUM 166
1 43570U 18061B   21185.47642487  .00000079  00000-0  21123-4 0  9993
2 43570  86.3969  92.6330 0002458  83.2368 276.9107 14.34216806154157
0 IRIDIUM 158
1 43571U 18061C   21185.44471641  .00000084  00000-0  22844-4 0  9990
2 43571  86.3968  92.6541 0002287  77.5128 282.6323 14.34218786154110
0 IRIDIUM 165
1 43572U 18061D   21185.47007794  .00000012  00000-0 -27753-5 0  9995
2 43572  86.3971  92.6564 0002381  78.8012 281.3451 14.34214631154147
0 IRIDIUM 155
1 43573U 18061E   21185.50178999  .00000083  00000-0  22594-4 0  9990
2 43573  86.3966  92.5992 0002458  94.6284 265.5193 14.34218038154117
0 IRIDIUM 154
1 43574U 18061F   21185.48277863  .00000083  00000-0  22418-4 0  9993
2 43574  86.3970  92.6545 0001978  80.0768 280.0651 14.34216428154167
0 IRIDIUM 163
1 43575U 18061G   21185.46374096  .00000082  00000-0  22199-4 0  9993
2 43575  86.3968  92.6329 0002521  73.7725 286.3748 14.34217949154134
0 IRIDIUM 156
1 43576U 18061H   21185.29882570  .00000079  00000-0  21196-4 0  9998
2 43576  86.3968  92.7069 0002556  83.8278 276.3209 14.34217654154101
0 IRIDIUM 164
1 43577U 18061J   21185.48910093  .00000086  00000-0  23543-4 0  9998
2 43577  86.3969  92.6402 0002094  77.8687 282.2743 14.34219141154176
0 IRIDIUM 159
1 43578U 18061K   21185.45740686  .00000080  00000-0  21568-4 0  9994
2 43578  86.3967  92.6282 0002059  80.6970 279.4459 14.34216494154135
0 IRIDIUM 180
1 43922U 19002A   21185.52665776  .00000088  00000-0  24444-4 0  9991
2 43922  86.3969  29.4370 0001746  61.3675 298.7696 14.34217760129750
0 IRIDIUM 176
1 43923U 19002B   21185.60623057  .00000201  00000-0  27887-4 0  9998
2 43923  86.6103  29.4364 0002277  88.1991 271.9487 14.72254543133157
0 IRIDIUM 168
1 43924U 19002C   21185.59009102  .00000086  00000-0  23681-4 0  9995
2 43924  86.3972  29.4366 0001895  83.9717 276.1694 14.34218612129747
0 IRIDIUM 173
1 43925U 19002D   21185.57740266  .00000092  00000-0  25761-4 0  9995
2 43925  86.3968  29.4045 0002007  83.6365 276.5059 14.34217858129727
0 IRIDIUM 169
1 43926U 19002E   21185.59354630  .00000111  00000-0  29670-4 0  9999
2 43926  86.4223  60.9973 0005384 152.2516 207.8970 14.38613152130200
0 IRIDIUM 172
1 43927U 19002F   21185.57105417  .00000089  00000-0  24778-4 0  9993
2 43927  86.3968  29.4094 0001948  81.7408 278.4008 14.34217224129736
0 IRIDIUM 175
1 43928U 19002G   21185.53206272  .00000203  00000-0  28202-4 0  9995
2 43928  86.6105  29.2877 0002670  77.2396 282.9119 14.72254455133130
0 IRIDIUM 171
1 43929U 19002H   21185.55202745  .00000086  00000-0  23767-4 0  9999
2 43929  86.3978  29.5228 0001894  84.9072 275.2340 14.34218381129729
0 IRIDIUM 170
1 43930U 19002J   21185.61244473  .00000186  00000-0  25583-4 0  9991
2 43930  86.6103  29.4402 0002206  83.1103 277.0365 14.72253276133165
0 IRIDIUM 167
1 43931U 19002K   21185.61545544  .00000089  00000-0  24829-4 0  9999
2 43931  86.3969  29.3974 0001703  69.2863 290.8515 14.34218078129732